######## titanic
card    eps     acc
0.10     0.00    0.577
0.10     0.05    0.756
0.10     0.10    0.761
0.10     0.15    0.769
0.10     0.20    0.793
0.10     0.25    0.789
0.10     0.30    0.770
0.10     0.35    0.767
0.10     0.40    0.764
0.10     0.45    0.772
0.10     0.50    0.746
0.10     0.55    0.746
0.10     0.60    0.700
0.10     0.65    0.695
0.10     0.70    0.742
0.10     0.75    0.742
0.10     0.80    0.763
0.10     0.85    0.763
0.10     0.90    0.687
0.10     0.95    0.697
0.20     0.00    0.577
0.20     0.05    0.756
0.20     0.10    0.761
0.20     0.15    0.767
0.20     0.20    0.792
0.20     0.25    0.790
0.20     0.30    0.773
0.20     0.35    0.769
0.20     0.40    0.764
0.20     0.45    0.773
0.20     0.50    0.746
0.20     0.55    0.743
0.20     0.60    0.707
0.20     0.65    0.713
0.20     0.70    0.780
0.20     0.75    0.780
0.20     0.80    0.780
0.20     0.85    0.778
0.20     0.90    0.778
0.20     0.95    0.778
0.30     0.00    0.577
0.30     0.05    0.754
0.30     0.10    0.768
0.30     0.15    0.774
0.30     0.20    0.782
0.30     0.25    0.777
0.30     0.30    0.762
0.30     0.35    0.759
0.30     0.40    0.760
0.30     0.45    0.762
0.30     0.50    0.770
0.30     0.55    0.785
0.30     0.60    0.785
0.30     0.65    0.785
0.30     0.70    0.785
0.30     0.75    0.785
0.30     0.80    0.785
0.30     0.85    0.785
0.30     0.90    0.785
0.30     0.95    0.785
0.40     0.00    0.578
0.40     0.05    0.759
0.40     0.10    0.780
0.40     0.15    0.770
0.40     0.20    0.779
0.40     0.25    0.779
0.40     0.30    0.779
0.40     0.35    0.780
0.40     0.40    0.781
0.40     0.45    0.781
0.40     0.50    0.781
0.40     0.55    0.781
0.40     0.60    0.781
0.40     0.65    0.781
0.40     0.70    0.781
0.40     0.75    0.781
0.40     0.80    0.781
0.40     0.85    0.781
0.40     0.90    0.781
0.40     0.95    0.781
0.50     0.00    0.585
0.50     0.05    0.783
0.50     0.10    0.791
0.50     0.15    0.786
0.50     0.20    0.786
0.50     0.25    0.786
0.50     0.30    0.786
0.50     0.35    0.786
0.50     0.40    0.786
0.50     0.45    0.786
0.50     0.50    0.786
0.50     0.55    0.786
0.50     0.60    0.786
0.50     0.65    0.786
0.50     0.70    0.786
0.50     0.75    0.786
0.50     0.80    0.786
0.50     0.85    0.786
0.50     0.90    0.786
0.50     0.95    0.786
0.60     0.00    0.585
0.60     0.05    0.783
0.60     0.10    0.791
0.60     0.15    0.786
0.60     0.20    0.786
0.60     0.25    0.786
0.60     0.30    0.786
0.60     0.35    0.786
0.60     0.40    0.786
0.60     0.45    0.786
0.60     0.50    0.786
0.60     0.55    0.786
0.60     0.60    0.786
0.60     0.65    0.786
0.60     0.70    0.786
0.60     0.75    0.786
0.60     0.80    0.786
0.60     0.85    0.786
0.60     0.90    0.786
0.60     0.95    0.786
0.70     0.00    0.588
0.70     0.05    0.787
0.70     0.10    0.789
0.70     0.15    0.789
0.70     0.20    0.789
0.70     0.25    0.789
0.70     0.30    0.789
0.70     0.35    0.789
0.70     0.40    0.789
0.70     0.45    0.789
0.70     0.50    0.789
0.70     0.55    0.789
0.70     0.60    0.789
0.70     0.65    0.789
0.70     0.70    0.789
0.70     0.75    0.789
0.70     0.80    0.789
0.70     0.85    0.789
0.70     0.90    0.789
0.70     0.95    0.789
0.80     0.00    0.571
0.80     0.05    0.796
0.80     0.10    0.796
0.80     0.15    0.796
0.80     0.20    0.796
0.80     0.25    0.796
0.80     0.30    0.796
0.80     0.35    0.796
0.80     0.40    0.796
0.80     0.45    0.796
0.80     0.50    0.796
0.80     0.55    0.796
0.80     0.60    0.796
0.80     0.65    0.796
0.80     0.70    0.796
0.80     0.75    0.796
0.80     0.80    0.796
0.80     0.85    0.796
0.80     0.90    0.796
0.80     0.95    0.796
0.90     0.00    0.514
0.90     0.05    0.723
0.90     0.10    0.723
0.90     0.15    0.723
0.90     0.20    0.723
0.90     0.25    0.723
0.90     0.30    0.723
0.90     0.35    0.723
0.90     0.40    0.723
0.90     0.45    0.723
0.90     0.50    0.723
0.90     0.55    0.723
0.90     0.60    0.723
0.90     0.65    0.723
0.90     0.70    0.723
0.90     0.75    0.723
0.90     0.80    0.723
0.90     0.85    0.723
0.90     0.90    0.723
0.90     0.95    0.723




/Users/mikhail/anaconda3/bin/python /Users/mikhail/hse/year_1/ordered_sets/big_hw/lazyfca15/mikhail_makarov/lazy.py
sup    eps     acc
0.00     0.00    0.559
0.00     0.05    0.503
0.00     0.10    0.449
0.00     0.15    0.384
0.00     0.20    0.384
0.00     0.25    0.384
0.00     0.30    0.384
0.00     0.35    0.384
0.00     0.40    0.384
0.00     0.45    0.384
0.00     0.50    0.384
0.00     0.55    0.384
0.00     0.60    0.384
0.00     0.65    0.384
0.00     0.70    0.384
0.00     0.75    0.384
0.00     0.80    0.384
0.00     0.85    0.384
0.00     0.90    0.384
0.00     0.95    0.384
0.05     0.00    0.570
0.05     0.05    0.621
0.05     0.10    0.529
0.05     0.15    0.432
0.05     0.20    0.400
0.05     0.25    0.385
0.05     0.30    0.384
0.05     0.35    0.384
0.05     0.40    0.384
0.05     0.45    0.384
0.05     0.50    0.384
0.05     0.55    0.384
0.05     0.60    0.384
0.05     0.65    0.384
0.05     0.70    0.384
0.05     0.75    0.384
0.05     0.80    0.384
0.05     0.85    0.384
0.05     0.90    0.384
0.05     0.95    0.384
0.10     0.00    0.570
0.10     0.05    0.714
0.10     0.10    0.612
0.10     0.15    0.507
0.10     0.20    0.492
0.10     0.25    0.401
0.10     0.30    0.386
0.10     0.35    0.384
0.10     0.40    0.384
0.10     0.45    0.384
0.10     0.50    0.384
0.10     0.55    0.384
0.10     0.60    0.384
0.10     0.65    0.384
0.10     0.70    0.384
0.10     0.75    0.384
0.10     0.80    0.384
0.10     0.85    0.384
0.10     0.90    0.384
0.10     0.95    0.384
0.15     0.00    0.570
0.15     0.05    0.755
0.15     0.10    0.705
0.15     0.15    0.600
0.15     0.20    0.522
0.15     0.25    0.504
0.15     0.30    0.501
0.15     0.35    0.448
0.15     0.40    0.393
0.15     0.45    0.385
0.15     0.50    0.384
0.15     0.55    0.384
0.15     0.60    0.384
0.15     0.65    0.384
0.15     0.70    0.384
0.15     0.75    0.384
0.15     0.80    0.384
0.15     0.85    0.384
0.15     0.90    0.384
0.15     0.95    0.384
0.20     0.00    0.570
0.20     0.05    0.762
0.20     0.10    0.736
0.20     0.15    0.644
0.20     0.20    0.579
0.20     0.25    0.530
0.20     0.30    0.529
0.20     0.35    0.529
0.20     0.40    0.529
0.20     0.45    0.413
0.20     0.50    0.393
0.20     0.55    0.384
0.20     0.60    0.384
0.20     0.65    0.384
0.20     0.70    0.384
0.20     0.75    0.384
0.20     0.80    0.384
0.20     0.85    0.384
0.20     0.90    0.384
0.20     0.95    0.384
0.25     0.00    0.570
0.25     0.05    0.760
0.25     0.10    0.746
0.25     0.15    0.685
0.25     0.20    0.633
0.25     0.25    0.615
0.25     0.30    0.609
0.25     0.35    0.609
0.25     0.40    0.609
0.25     0.45    0.477
0.25     0.50    0.465
0.25     0.55    0.395
0.25     0.60    0.384
0.25     0.65    0.384
0.25     0.70    0.384
0.25     0.75    0.384
0.25     0.80    0.384
0.25     0.85    0.384
0.25     0.90    0.384
0.25     0.95    0.384
0.30     0.00    0.570
0.30     0.05    0.760
0.30     0.10    0.751
0.30     0.15    0.746
0.30     0.20    0.717
0.30     0.25    0.684
0.30     0.30    0.673
0.30     0.35    0.671
0.30     0.40    0.671
0.30     0.45    0.576
0.30     0.50    0.576
0.30     0.55    0.532
0.30     0.60    0.400
0.30     0.65    0.400
0.30     0.70    0.384
0.30     0.75    0.384
0.30     0.80    0.384
0.30     0.85    0.384
0.30     0.90    0.384
0.30     0.95    0.384
0.35     0.00    0.570
0.35     0.05    0.760
0.35     0.10    0.755
0.35     0.15    0.760
0.35     0.20    0.722
0.35     0.25    0.697
0.35     0.30    0.697
0.35     0.35    0.678
0.35     0.40    0.678
0.35     0.45    0.678
0.35     0.50    0.678
0.35     0.55    0.640
0.35     0.60    0.581
0.35     0.65    0.510
0.35     0.70    0.384
0.35     0.75    0.384
0.35     0.80    0.384
0.35     0.85    0.384
0.35     0.90    0.384
0.35     0.95    0.384
0.40     0.00    0.570
0.40     0.05    0.760
0.40     0.10    0.755
0.40     0.15    0.761
0.40     0.20    0.761
0.40     0.25    0.733
0.40     0.30    0.733
0.40     0.35    0.699
0.40     0.40    0.699
0.40     0.45    0.699
0.40     0.50    0.699
0.40     0.55    0.662
0.40     0.60    0.595
0.40     0.65    0.523
0.40     0.70    0.384
0.40     0.75    0.384
0.40     0.80    0.384
0.40     0.85    0.384
0.40     0.90    0.384
0.40     0.95    0.384
0.45     0.00    0.570
0.45     0.05    0.760
0.45     0.10    0.755
0.45     0.15    0.765
0.45     0.20    0.795
0.45     0.25    0.788
0.45     0.30    0.782
0.45     0.35    0.701
0.45     0.40    0.701
0.45     0.45    0.701
0.45     0.50    0.698
0.45     0.55    0.660
0.45     0.60    0.598
0.45     0.65    0.524
0.45     0.70    0.383
0.45     0.75    0.383
0.45     0.80    0.384
0.45     0.85    0.384
0.45     0.90    0.384
0.45     0.95    0.384
0.50     0.00    0.570
0.50     0.05    0.760
0.50     0.10    0.755
0.50     0.15    0.765
0.50     0.20    0.795
0.50     0.25    0.788
0.50     0.30    0.782
0.50     0.35    0.726
0.50     0.40    0.726
0.50     0.45    0.726
0.50     0.50    0.723
0.50     0.55    0.719
0.50     0.60    0.679
0.50     0.65    0.605
0.50     0.70    0.424
0.50     0.75    0.424
0.50     0.80    0.415
0.50     0.85    0.415
0.50     0.90    0.406
0.50     0.95    0.385
0.55     0.00    0.570
0.55     0.05    0.760
0.55     0.10    0.755
0.55     0.15    0.765
0.55     0.20    0.795
0.55     0.25    0.788
0.55     0.30    0.782
0.55     0.35    0.781
0.55     0.40    0.781
0.55     0.45    0.781
0.55     0.50    0.778
0.55     0.55    0.774
0.55     0.60    0.774
0.55     0.65    0.774
0.55     0.70    0.496
0.55     0.75    0.496
0.55     0.80    0.465
0.55     0.85    0.465
0.55     0.90    0.412
0.55     0.95    0.388
0.60     0.00    0.570
0.60     0.05    0.760
0.60     0.10    0.755
0.60     0.15    0.765
0.60     0.20    0.795
0.60     0.25    0.788
0.60     0.30    0.782
0.60     0.35    0.781
0.60     0.40    0.781
0.60     0.45    0.781
0.60     0.50    0.778
0.60     0.55    0.774
0.60     0.60    0.774
0.60     0.65    0.774
0.60     0.70    0.774
0.60     0.75    0.774
0.60     0.80    0.496
0.60     0.85    0.496
0.60     0.90    0.412
0.60     0.95    0.383
0.65     0.00    0.570
0.65     0.05    0.760
0.65     0.10    0.755
0.65     0.15    0.765
0.65     0.20    0.795
0.65     0.25    0.788
0.65     0.30    0.782
0.65     0.35    0.783
0.65     0.40    0.783
0.65     0.45    0.783
0.65     0.50    0.768
0.65     0.55    0.762
0.65     0.60    0.723
0.65     0.65    0.723
0.65     0.70    0.723
0.65     0.75    0.723
0.65     0.80    0.622
0.65     0.85    0.622
0.65     0.90    0.489
0.65     0.95    0.397
0.70     0.00    0.570
0.70     0.05    0.760
0.70     0.10    0.755
0.70     0.15    0.765
0.70     0.20    0.795
0.70     0.25    0.788
0.70     0.30    0.782
0.70     0.35    0.772
0.70     0.40    0.772
0.70     0.45    0.772
0.70     0.50    0.735
0.70     0.55    0.714
0.70     0.60    0.667
0.70     0.65    0.659
0.70     0.70    0.663
0.70     0.75    0.663
0.70     0.80    0.663
0.70     0.85    0.663
0.70     0.90    0.485
0.70     0.95    0.401
0.75     0.00    0.570
0.75     0.05    0.760
0.75     0.10    0.755
0.75     0.15    0.765
0.75     0.20    0.795
0.75     0.25    0.788
0.75     0.30    0.782
0.75     0.35    0.772
0.75     0.40    0.772
0.75     0.45    0.772
0.75     0.50    0.735
0.75     0.55    0.714
0.75     0.60    0.667
0.75     0.65    0.659
0.75     0.70    0.663
0.75     0.75    0.663
0.75     0.80    0.663
0.75     0.85    0.663
0.75     0.90    0.485
0.75     0.95    0.401
0.80     0.00    0.570
0.80     0.05    0.760
0.80     0.10    0.755
0.80     0.15    0.765
0.80     0.20    0.795
0.80     0.25    0.788
0.80     0.30    0.782
0.80     0.35    0.772
0.80     0.40    0.772
0.80     0.45    0.772
0.80     0.50    0.735
0.80     0.55    0.714
0.80     0.60    0.667
0.80     0.65    0.659
0.80     0.70    0.663
0.80     0.75    0.663
0.80     0.80    0.663
0.80     0.85    0.663
0.80     0.90    0.485
0.80     0.95    0.401
0.85     0.00    0.570
0.85     0.05    0.760
0.85     0.10    0.755
0.85     0.15    0.765
0.85     0.20    0.795
0.85     0.25    0.788
0.85     0.30    0.782
0.85     0.35    0.772
0.85     0.40    0.772
0.85     0.45    0.772
0.85     0.50    0.735
0.85     0.55    0.714
0.85     0.60    0.667
0.85     0.65    0.659
0.85     0.70    0.663
0.85     0.75    0.663
0.85     0.80    0.663
0.85     0.85    0.663
0.85     0.90    0.485
0.85     0.95    0.401
0.90     0.00    0.570
0.90     0.05    0.760
0.90     0.10    0.755
0.90     0.15    0.765
0.90     0.20    0.795
0.90     0.25    0.788
0.90     0.30    0.782
0.90     0.35    0.772
0.90     0.40    0.772
0.90     0.45    0.772
0.90     0.50    0.735
0.90     0.55    0.714
0.90     0.60    0.667
0.90     0.65    0.659
0.90     0.70    0.663
0.90     0.75    0.663
0.90     0.80    0.663
0.90     0.85    0.663
0.90     0.90    0.485
0.90     0.95    0.401
0.95     0.00    0.570
0.95     0.05    0.760
0.95     0.10    0.755
0.95     0.15    0.765
0.95     0.20    0.795
0.95     0.25    0.788
0.95     0.30    0.782
0.95     0.35    0.772
0.95     0.40    0.772
0.95     0.45    0.772
0.95     0.50    0.735
0.95     0.55    0.714
0.95     0.60    0.667
0.95     0.65    0.659
0.95     0.70    0.663
0.95     0.75    0.663
0.95     0.80    0.663
0.95     0.85    0.663
0.95     0.90    0.485
0.95     0.95    0.401
best_sup: 0.45, best_eps: 0.2, best_acc: 0.7946127946127947


tic-tac

sup    eps     acc
/Users/mikhail/hse/year_1/ordered_sets/big_hw/lazyfca15/mikhail_makarov/lazy.py:161: RuntimeWarning: invalid value encountered in true_divide
  NPV = float(TN) / (TN + FN)
0.00     0.00    0.640
0.00     0.05    0.640
0.00     0.10    0.640
0.00     0.15    0.640
0.00     0.20    0.640
0.00     0.25    0.640
0.00     0.30    0.640
0.00     0.35    0.640
0.00     0.40    0.640
0.00     0.45    0.640
0.00     0.50    0.640
0.00     0.55    0.640
0.00     0.60    0.640
0.00     0.65    0.640
0.00     0.70    0.640
0.00     0.75    0.640
0.00     0.80    0.640
0.00     0.85    0.640
0.00     0.90    0.640
0.00     0.95    0.640
0.05     0.00    0.933
0.05     0.05    0.640
0.05     0.10    0.640
0.05     0.15    0.640
0.05     0.20    0.640
0.05     0.25    0.640
0.05     0.30    0.640
0.05     0.35    0.640
0.05     0.40    0.640
0.05     0.45    0.640
0.05     0.50    0.640
0.05     0.55    0.640
0.05     0.60    0.640
0.05     0.65    0.640
0.05     0.70    0.640
0.05     0.75    0.640
0.05     0.80    0.640
0.05     0.85    0.640
0.05     0.90    0.640
0.05     0.95    0.640
0.10     0.00    0.941
0.10     0.05    0.773
0.10     0.10    0.644
0.10     0.15    0.640
0.10     0.20    0.640
0.10     0.25    0.640
0.10     0.30    0.640
0.10     0.35    0.640
0.10     0.40    0.640
0.10     0.45    0.640
0.10     0.50    0.640
0.10     0.55    0.640
0.10     0.60    0.640
0.10     0.65    0.640
0.10     0.70    0.640
0.10     0.75    0.640
0.10     0.80    0.640
0.10     0.85    0.640
0.10     0.90    0.640
0.10     0.95    0.640
0.15     0.00    0.941
0.15     0.05    0.752
0.15     0.10    0.698
0.15     0.15    0.656
0.15     0.20    0.640
0.15     0.25    0.640
0.15     0.30    0.640
0.15     0.35    0.640
0.15     0.40    0.640
0.15     0.45    0.640
0.15     0.50    0.640
0.15     0.55    0.640
0.15     0.60    0.640
0.15     0.65    0.640
0.15     0.70    0.640
0.15     0.75    0.640
0.15     0.80    0.640
0.15     0.85    0.640
0.15     0.90    0.640
0.15     0.95    0.640
0.20     0.00    0.941
0.20     0.05    0.752
0.20     0.10    0.664
0.20     0.15    0.682
0.20     0.20    0.647
0.20     0.25    0.637
0.20     0.30    0.638
0.20     0.35    0.638
0.20     0.40    0.640
0.20     0.45    0.640
0.20     0.50    0.640
0.20     0.55    0.640
0.20     0.60    0.640
0.20     0.65    0.640
0.20     0.70    0.640
0.20     0.75    0.640
0.20     0.80    0.640
0.20     0.85    0.640
0.20     0.90    0.640
0.20     0.95    0.640
0.25     0.00    0.941
0.25     0.05    0.752
0.25     0.10    0.666
0.25     0.15    0.572
0.25     0.20    0.488
0.25     0.25    0.442
0.25     0.30    0.591
0.25     0.35    0.610
0.25     0.40    0.643
0.25     0.45    0.640
0.25     0.50    0.640
0.25     0.55    0.640
0.25     0.60    0.640
0.25     0.65    0.640
0.25     0.70    0.640
0.25     0.75    0.640
0.25     0.80    0.640
0.25     0.85    0.640
0.25     0.90    0.640
0.25     0.95    0.640
0.30     0.00    0.941
0.30     0.05    0.752
0.30     0.10    0.666
0.30     0.15    0.572
0.30     0.20    0.488
0.30     0.25    0.503
0.30     0.30    0.627
0.30     0.35    0.633
0.30     0.40    0.651
0.30     0.45    0.641
0.30     0.50    0.640
0.30     0.55    0.640
0.30     0.60    0.640
0.30     0.65    0.640
0.30     0.70    0.640
0.30     0.75    0.640
0.30     0.80    0.640
0.30     0.85    0.640
0.30     0.90    0.640
0.30     0.95    0.640
0.35     0.00    0.941
0.35     0.05    0.752
0.35     0.10    0.666
0.35     0.15    0.572
0.35     0.20    0.488
0.35     0.25    0.503
0.35     0.30    0.627
0.35     0.35    0.633
0.35     0.40    0.651
0.35     0.45    0.647
0.35     0.50    0.640
0.35     0.55    0.640
0.35     0.60    0.640
0.35     0.65    0.640
0.35     0.70    0.640
0.35     0.75    0.640
0.35     0.80    0.640
0.35     0.85    0.640
0.35     0.90    0.640
0.35     0.95    0.640
0.40     0.00    0.941
0.40     0.05    0.752
0.40     0.10    0.666
0.40     0.15    0.572
0.40     0.20    0.488
0.40     0.25    0.503
0.40     0.30    0.657
0.40     0.35    0.646
0.40     0.40    0.654
0.40     0.45    0.654
0.40     0.50    0.654
0.40     0.55    0.654
0.40     0.60    0.654
0.40     0.65    0.654
0.40     0.70    0.654
0.40     0.75    0.654
0.40     0.80    0.654
0.40     0.85    0.654
0.40     0.90    0.654
0.40     0.95    0.654
0.45     0.00    0.941
0.45     0.05    0.752
0.45     0.10    0.666
0.45     0.15    0.572
0.45     0.20    0.488
0.45     0.25    0.503
0.45     0.30    0.657
0.45     0.35    0.646
0.45     0.40    0.654
0.45     0.45    0.654
0.45     0.50    0.654
0.45     0.55    0.654
0.45     0.60    0.654
0.45     0.65    0.654
0.45     0.70    0.654
0.45     0.75    0.654
0.45     0.80    0.654
0.45     0.85    0.654
0.45     0.90    0.654
0.45     0.95    0.654
0.50     0.00    0.941
0.50     0.05    0.752
0.50     0.10    0.666
0.50     0.15    0.572
0.50     0.20    0.488
0.50     0.25    0.503
0.50     0.30    0.657
0.50     0.35    0.654
0.50     0.40    0.683
0.50     0.45    0.683
0.50     0.50    0.683
0.50     0.55    0.683
0.50     0.60    0.683
0.50     0.65    0.683
0.50     0.70    0.683
0.50     0.75    0.683
0.50     0.80    0.683
0.50     0.85    0.683
0.50     0.90    0.683
0.50     0.95    0.683
0.55     0.00    0.941
0.55     0.05    0.752
0.55     0.10    0.666
0.55     0.15    0.572
0.55     0.20    0.488
0.55     0.25    0.503
0.55     0.30    0.657
0.55     0.35    0.654
0.55     0.40    0.683
0.55     0.45    0.683
0.55     0.50    0.683
0.55     0.55    0.683
0.55     0.60    0.683
0.55     0.65    0.683
0.55     0.70    0.683
0.55     0.75    0.683
0.55     0.80    0.683
0.55     0.85    0.683
0.55     0.90    0.683
0.55     0.95    0.683
0.60     0.00    0.941
0.60     0.05    0.752
0.60     0.10    0.666
0.60     0.15    0.572
0.60     0.20    0.488
0.60     0.25    0.503
0.60     0.30    0.657
0.60     0.35    0.654
0.60     0.40    0.683
0.60     0.45    0.683
0.60     0.50    0.683
0.60     0.55    0.683
0.60     0.60    0.683
0.60     0.65    0.683
0.60     0.70    0.683
0.60     0.75    0.683
0.60     0.80    0.683
0.60     0.85    0.683
0.60     0.90    0.683
0.60     0.95    0.683
0.65     0.00    0.941
0.65     0.05    0.752
0.65     0.10    0.666
0.65     0.15    0.572
0.65     0.20    0.488
0.65     0.25    0.503
0.65     0.30    0.657
0.65     0.35    0.654
0.65     0.40    0.683
0.65     0.45    0.683
0.65     0.50    0.683
0.65     0.55    0.683
0.65     0.60    0.683
0.65     0.65    0.683
0.65     0.70    0.683
0.65     0.75    0.683
0.65     0.80    0.683
0.65     0.85    0.683
0.65     0.90    0.683
0.65     0.95    0.683
0.70     0.00    0.941
0.70     0.05    0.752
0.70     0.10    0.666
0.70     0.15    0.572
0.70     0.20    0.488
0.70     0.25    0.503
0.70     0.30    0.657
0.70     0.35    0.654
0.70     0.40    0.683
0.70     0.45    0.683
0.70     0.50    0.683
0.70     0.55    0.683
0.70     0.60    0.683
0.70     0.65    0.683
0.70     0.70    0.683
0.70     0.75    0.683
0.70     0.80    0.683
0.70     0.85    0.683
0.70     0.90    0.683
0.70     0.95    0.683
0.75     0.00    0.941
0.75     0.05    0.752
0.75     0.10    0.666
0.75     0.15    0.572
0.75     0.20    0.488
0.75     0.25    0.503
0.75     0.30    0.657
0.75     0.35    0.654
0.75     0.40    0.683
0.75     0.45    0.683
0.75     0.50    0.683
0.75     0.55    0.683
0.75     0.60    0.683
0.75     0.65    0.683
0.75     0.70    0.683
0.75     0.75    0.683
0.75     0.80    0.683
0.75     0.85    0.683
0.75     0.90    0.683
0.75     0.95    0.683
0.80     0.00    0.941
0.80     0.05    0.752
0.80     0.10    0.666
0.80     0.15    0.572
0.80     0.20    0.488
0.80     0.25    0.503
0.80     0.30    0.657
0.80     0.35    0.654
0.80     0.40    0.683
0.80     0.45    0.683
0.80     0.50    0.683
0.80     0.55    0.683
0.80     0.60    0.683
0.80     0.65    0.683
0.80     0.70    0.683
0.80     0.75    0.683
0.80     0.80    0.683
0.80     0.85    0.683
0.80     0.90    0.683
0.80     0.95    0.683
0.85     0.00    0.941
0.85     0.05    0.752
0.85     0.10    0.666
0.85     0.15    0.572
0.85     0.20    0.488
0.85     0.25    0.503
0.85     0.30    0.657
0.85     0.35    0.654
0.85     0.40    0.683
0.85     0.45    0.683
0.85     0.50    0.683
0.85     0.55    0.683
0.85     0.60    0.683
0.85     0.65    0.683
0.85     0.70    0.683
0.85     0.75    0.683
0.85     0.80    0.683
0.85     0.85    0.683
0.85     0.90    0.683
0.85     0.95    0.683
0.90     0.00    0.941
0.90     0.05    0.752
0.90     0.10    0.666
0.90     0.15    0.572
0.90     0.20    0.488
0.90     0.25    0.503
0.90     0.30    0.657
0.90     0.35    0.654
0.90     0.40    0.683
0.90     0.45    0.683
0.90     0.50    0.683
0.90     0.55    0.683
0.90     0.60    0.683
0.90     0.65    0.683
0.90     0.70    0.683
0.90     0.75    0.683
0.90     0.80    0.683
0.90     0.85    0.683
0.90     0.90    0.683
0.90     0.95    0.683
0.95     0.00    0.941
0.95     0.05    0.752
0.95     0.10    0.666
0.95     0.15    0.572
0.95     0.20    0.488
0.95     0.25    0.503
0.95     0.30    0.657
0.95     0.35    0.654
0.95     0.40    0.683
0.95     0.45    0.683
0.95     0.50    0.683
0.95     0.55    0.683
0.95     0.60    0.683
0.95     0.65    0.683
0.95     0.70    0.683